# User-provided list of confirmed-dyeable items (incomplete per user, but a good sample).
95
2425
2426
2427
2437
2438
2439
2443
2444
2446
3317
3349
3357
3358
3359
3360
3444
3450
3451
7183
7184
7185
7186
7187
7188
7189
7190
7191
7192
7193
7194
7195
7196
7197
7198
7199
7200
7201
7202
7203
7204
7205
7206
7207
7208
7209
7210
7211
7212
7213
7214
7215
7216
7217
7218
7219
7220
7221
7222
7223
7224
7225
7226
7227
7228
7229
7230
7231
7232
7233
7234
7235
7236
7237
7238
7239
7240
7241
7242
7243
7244
7245
7246
7247
7248
7249
7449
7450
7451
7452
7453
7454
7455
7456
7457
7458
7459
7460
7461
7462
7463
7464
7465
7466
7467
7468
7469
7470
7471
7472
7473
7474
7475
7476
7477
7478
7479
7480
7481
7482
7483
7484
7485
7486
7487
7488
7489
7490
7491
7492
7493
7494
7495
7496
7497
7498
7499
7500
7501
7502
7503
7504
7505
7506
7507
7508
7509
7510
7511
7512
7513
7514
7981
7982
7983
7987
7989
8023
8027
8029
8034
8035
8036
8037
8038
8039
8040
8041
8042
8043
8044
8045
8046
8047
8048
8049
8050
8051
8052
8053
8054
8055
8056
8057
8062
8076
8077
8078
8079
8080
8081
8082
8083
8102
8103
8109
8162
8163
8193
8194
8195
8196
8197
8198
8199
8200
8201
8202
8203
8217
8218
8219
8220
8241
11975
11976
11978
12010
12011
12028
12029
12038
12039
12040
12051
12052
12057
12058
12059
12060
12061
12062
12063
12089
12090
12091
12096
12099
12100
12101
12102
12103
13363
13364
13365
13366
13367
13368
13369
13370
13371
13372
13373
13374
13375
13376
13377
13378
13379
13380
13381
13382
13383
13384
13385
13386
13387
13388
13389
13390
13391
13392
13649
14099
